Total Count of fantastically	 5
Total Count of fantastic	 345
UID list of fantastically, sorted	 [   17583.  1007765.  1025821.  7004477.  9006895.]
UID list of fantastic, sorted	 [  1.73300000e+03   2.20900000e+03   2.62400000e+03   3.15000000e+03
   3.32200000e+03   4.36400000e+03   4.36700000e+03   4.37100000e+03	
   6.09000000e+03   6.77600000e+03   7.36000000e+03   7.43600000e+03	
   9.50800000e+03   9.68300000e+03   1.55560000e+04   1.71230000e+04	
   2.00630000e+04   2.01120000e+04   2.07080000e+04   2.07080000e+04	
   2.13540000e+04   2.32980000e+04   2.38090000e+04   2.38980000e+04	
   2.72090000e+04   2.77110000e+04   2.82040000e+04   2.87580000e+04	
   3.00330000e+04   3.00690000e+04   3.07590000e+04   3.22270000e+04	
   3.23050000e+04   3.40520000e+04   3.48500000e+04   3.61630000e+04	
   3.63680000e+04   3.69530000e+04   3.74960000e+04   3.88200000e+04	
   3.88830000e+04   3.88870000e+04   3.89250000e+04   3.99800000e+04	
   4.02310000e+04   4.04880000e+04   4.14350000e+04   4.14900000e+04	
   4.19120000e+04   4.24160000e+04   4.32970000e+04   4.56450000e+04	
   4.61490000e+04   4.72250000e+04   4.88200000e+04   5.05210000e+04	
   5.18040000e+04   5.24470000e+04   5.36070000e+04   5.51320000e+04	
   5.59750000e+04   5.69560000e+04   5.86730000e+04   5.92100000e+04	
   5.97690000e+04   5.98950000e+04   5.99520000e+04   6.08260000e+04	
   6.17190000e+04   6.25560000e+04   6.26300000e+04   6.30440000e+04	
   6.38450000e+04   6.39940000e+04   6.45960000e+04   6.52310000e+04	
   6.52900000e+04   6.60830000e+04   6.65050000e+04   6.69920000e+04	
   1.00043100e+06   1.00123200e+06   1.00150600e+06   1.00284200e+06	
   1.00446800e+06   1.00589400e+06   1.00608400e+06   1.00757600e+06	
   1.00760800e+06   1.00785300e+06   1.00823600e+06   1.00826100e+06	
   1.00838600e+06   1.01008100e+06   1.01012200e+06   1.01013100e+06	
   1.01049800e+06   1.01125200e+06   1.01243900e+06   1.01327000e+06	
   1.01341900e+06   1.01399100e+06   1.01402100e+06   1.01412100e+06	
   1.01496200e+06   1.01678200e+06   1.01681500e+06   1.01683500e+06	
   1.01696800e+06   1.01699400e+06   1.01700400e+06   1.01700900e+06	
   1.01719400e+06   1.01831900e+06   1.01910100e+06   1.02287000e+06	
   1.02413900e+06   1.02494700e+06   1.02563000e+06   1.02563000e+06	
   1.02563600e+06   1.02684300e+06   1.02700100e+06   1.02791900e+06	
   1.02816500e+06   1.02845700e+06   1.02887400e+06   1.03005200e+06	
   1.03007600e+06   1.03023000e+06   1.03043400e+06   1.03046000e+06	
   1.03069100e+06   1.03072900e+06   1.03111000e+06   1.03128400e+06	
   1.03152700e+06   1.03152700e+06   1.03210900e+06   1.03211500e+06	
   1.03211500e+06   1.03230600e+06   1.03246100e+06   1.03255800e+06	
   1.03309600e+06   1.03332600e+06   1.03332600e+06   1.03365800e+06	
   1.03420700e+06   1.03435800e+06   1.03442200e+06   1.03443800e+06	
   1.03452500e+06   1.03453000e+06   1.03493200e+06   2.00021800e+06	
   2.00069000e+06   2.00069000e+06   2.00167200e+06   2.00299800e+06	
   2.00324100e+06   2.00350800e+06   2.00366700e+06   2.00384000e+06	
   2.00463800e+06   2.00489300e+06   2.00523900e+06   2.00529900e+06	
   2.00855000e+06   2.00962100e+06   2.01011000e+06   2.01029300e+06	
   2.01037500e+06   2.01054400e+06   2.01057400e+06   2.01057400e+06	
   2.01103500e+06   2.01324500e+06   2.01331300e+06   2.01402600e+06	
   2.01532900e+06   2.01635700e+06   2.01646100e+06   2.01663000e+06	
   2.01718800e+06   2.01730100e+06   2.01730200e+06   2.01830100e+06	
   2.01951500e+06   2.01957400e+06   2.01986700e+06   3.00023800e+06	
   3.00046800e+06   3.00092300e+06   4.00033300e+06   4.00092200e+06	
   4.00114400e+06   5.00038700e+06   5.00197400e+06   5.00308800e+06	
   5.00334900e+06   5.00354500e+06   5.00370900e+06   5.00491100e+06	
   5.00569400e+06   5.00650000e+06   5.00661600e+06   5.00678800e+06	
   5.00989900e+06   5.01128800e+06   5.01285800e+06   5.01319400e+06	
   5.01321400e+06   5.01394300e+06   5.01395000e+06   5.01408700e+06	
   6.00047600e+06   6.00254500e+06   6.00260100e+06   6.00267300e+06	
   6.00309700e+06   6.00450700e+06   6.00520600e+06   6.00534400e+06	
   6.00616000e+06   6.00718700e+06   6.00838600e+06   6.01207700e+06	
   6.01321800e+06   6.01335700e+06   6.01688200e+06   6.01759600e+06	
   6.01759600e+06   6.01812400e+06   6.01820300e+06   6.01865900e+06	
   6.01982700e+06   6.02074800e+06   6.02221000e+06   6.02485800e+06	
   6.02571200e+06   6.02578900e+06   6.02698200e+06   6.02773200e+06	
   6.02867200e+06   6.02888600e+06   6.02928300e+06   6.02957500e+06	
   6.02992200e+06   6.03006000e+06   6.03008000e+06   6.03068900e+06	
   6.03125200e+06   6.03126300e+06   6.03209600e+06   7.00004700e+06	
   7.00058000e+06   7.00070800e+06   7.00079000e+06   7.00089800e+06	
   7.00116400e+06   7.00118800e+06   7.00188800e+06   7.00218300e+06	
   7.00229800e+06   7.00233300e+06   7.00302200e+06   7.00303500e+06	
   7.00303500e+06   7.00303500e+06   7.00331800e+06   7.00354900e+06	
   7.00447700e+06   7.00581500e+06   7.00584600e+06   7.00610100e+06	
   7.00610800e+06   8.00028000e+06   8.00194100e+06   8.00294800e+06	
   8.00298600e+06   8.00404500e+06   8.00407600e+06   8.00407700e+06	
   8.00437800e+06   8.00465200e+06   8.00510800e+06   8.00514000e+06	
   8.00535900e+06   9.00007600e+06   9.00013200e+06   9.00013200e+06	
   9.00061200e+06   9.00086400e+06   9.00103400e+06   9.00140300e+06	
   9.00150300e+06   9.00181500e+06   9.00183600e+06   9.00231200e+06	
   9.00323300e+06   9.00349100e+06   9.00437400e+06   9.00473800e+06	
   9.00535600e+06   9.00545100e+06   1.00000550e+07   1.00000810e+07	
   1.00001260e+07   1.00002210e+07   1.00002430e+07   1.00009230e+07	
   1.00015760e+07   1.00015880e+07   1.00016730e+07   1.00019150e+07	
   1.00019270e+07   1.00021590e+07   1.00026940e+07   1.00029310e+07	
   1.00031440e+07   1.00035160e+07   1.00037970e+07   1.00041280e+07	
   1.00041840e+07   1.00049970e+07   1.00056990e+07   1.00060420e+07	
   1.00063590e+07   1.00066560e+07   1.00076800e+07   1.00088290e+07	
   1.00089690e+07   1.00094170e+07   1.00104070e+07   1.00104530e+07	
   1.00109570e+07   1.10002460e+07   1.10008850e+07   1.10015360e+07	
   1.10017260e+07   1.10048020e+07   1.10057620e+07   1.20004370e+07	
   1.20017760e+07]	
